
 delta0 = 0.000010

 tStepStart = 0.001000

 tEnd = 1000.000000

 Written lines = 25449

 Execution time = 0.100000 sec
